 SL3 	 SL2 	 SL1 	 SC 	 SR1 	 SR2 	 SR3 	 SS


белая бумага

 1219 	 1363 	 1112 	 983 	 1212 	 1350 	 1187 	 770

 1214 	 1355 	 1103 	 975 	 1203 	 1343 	 1176 	 764

 1206 	 1348 	 1103 	 971 	 1203 	 1342 	 1177 	 760

 1196 	 1339 	 1095 	 969 	 1197 	 1337 	 1176 	 767

 1190 	 1329 	 1083 	 957 	 1177 	 1308 	 1152 	 749

черная бумага

 79 	 103 	 93 	 95 	 79 	 95 	 71 	 71

 79 	 112 	 94 	 83 	 71 	 93 	 67 	 67

 79 	 103 	 87 	 83 	 78 	 99 	 71 	 71

 79 	 111 	 92 	 83 	 71 	 95 	 67 	 67

 56 	 83 	 79 	 97 	 93 	 99 	 71 	 63
